0	1864	2294	2586	1290	1789	2020	3450	4278	4455	4633	6180	5042	3853	4058	5240	4985	6973	13109	16413	16294	8811	11569	10927	8165	10937	12149	10008	8812	5931	8763	7394	13434	8119	4111	12066	6184	7365	13977	6897	15555	13061	12934	17577	18391	17228	12239	25699	-1	15470	14973	6873	9718	11126	17294
1863	0	1344	2489	2734	3547	3656	2743	2988	4758	6325	7872	6734	5488	5694	4533	4278	5587	11819	15123	16597	9114	11872	12619	9857	12629	13763	11622	10426	7545	10399	9030	15070	9755	5747	11359	5477	6658	13270	5511	14265	11771	11644	16287	17101	18920	13853	24992	-1	15773	15276	8509	9011	10419	16587
2294	1344	0	1181	1783	3545	4209	4031	2143	3429	5723	7268	6131	6042	6247	5821	5566	4837	10974	14278	15268	7785	10543	12016	9254	12026	13240	11099	9903	7022	10167	9583	15623	10308	6300	12647	6765	7946	14558	4761	13420	10926	10799	15442	16256	18316	13330	26280	-1	14444	13947	9062	10299	11707	17875
2586	2519	1211	0	2075	3791	4501	5063	2651	2849	5412	7349	6212	6334	6539	6853	6598	5345	11482	14786	14688	7205	9963	12097	9335	12107	13196	11391	10195	7314	10459	9875	15915	10600	6592	13679	7797	8978	15590	5269	13928	11434	11307	15950	16764	18397	13470	27312	-1	13864	13367	9354	11331	12739	18907
1290	2735	1784	2076	0	1762	2909	4627	3768	3480	4154	5701	4563	4614	5019	6417	6162	6463	12599	15903	15319	7836	10594	10448	7686	10458	11601	9460	8264	5383	8528	8174	14395	9080	5072	13243	7361	8543	15154	6387	15045	12551	12424	17067	17881	16749	11691	26876	-1	14495	13998	7834	10896	12303	18471
1789	3547	3547	3791	1763	0	1667	5119	5487	5016	3990	4895	3797	2855	3541	6909	6654	8182	14318	17622	16855	9372	12130	9682	6920	9692	10781	9471	8395	5734	7784	6415	12520	7602	3995	13735	7853	9034	15646	8106	16764	14270	14143	18786	19600	15943	11055	27368	-1	16031	15534	6356	11387	12795	18963
2020	3656	4209	4501	2909	1667	0	5091	6193	6163	5455	5629	5173	2112	2360	6881	6626	8888	15024	18328	18002	10519	13277	11147	8147	10942	11225	9558	8362	5481	7023	5654	11721	6421	2706	13707	7825	9006	15618	8812	17470	14976	14849	19492	20306	16677	11315	27340	-1	17178	16681	5175	11359	12767	18935
3449	2739	4031	5033	4628	5119	5091	0	5306	6967	7970	9517	8379	6923	7129	1791	2131	7905	14137	17441	18806	11323	14081	14264	11502	14274	15487	13346	12150	9269	11834	10465	16505	11190	7182	8617	2735	4058	11078	7829	16583	14089	13962	18605	19419	20565	15577	22800	-1	17982	17485	9944	6158	8456	14624
4278	2990	2151	2621	3767	5487	6193	5308	0	5041	7653	9045	7908	8026	8231	7098	6843	3381	9020	12324	15260	9397	12155	13793	11031	13803	14892	13083	11887	9006	12151	11567	17607	12292	8284	13924	8042	9223	15835	3669	11466	8972	8845	13488	14302	20404	15166	27557	-1	14869	15559	11046	11576	12984	19152
4455	4758	3429	2849	3480	5016	6163	6967	5041	0	3316	8425	7288	7669	8355	8757	8502	7735	13872	17176	12524	5041	7799	13173	10411	13183	14272	12952	11756	8875	12020	11229	17334	12416	8461	15583	9701	10883	17494	7659	16318	13824	13697	14625	19154	17281	14546	29216	-1	11700	11203	11170	13236	14643	20811
4633	6325	5724	5413	4154	3990	5455	7969	7654	3316	0	7076	5871	6643	7329	9759	9504	10349	16485	16849	11549	4635	6824	11757	8994	11766	12855	11545	10469	7808	10831	10203	16308	11390	7783	16585	10703	11885	18496	10273	18931	16437	16310	13650	21767	16306	13129	30218	-1	10725	10228	10144	14238	15645	21813
6180	7872	7269	7349	5701	4895	5629	9516	9045	8425	7076	0	5427	5822	6781	11306	11051	11740	17876	21180	17415	12781	14112	11887	8550	11322	12411	11101	10025	7364	10387	9382	15487	10842	7710	18132	12250	13432	20043	11664	20322	17828	17701	19516	23158	11048	12685	31765	-1	18477	17980	9596	15785	17192	23360
5042	6734	6132	6212	4563	3797	5173	8378	7908	7288	5871	5427	0	5558	6326	10168	9913	10603	16739	20043	14887	11067	9698	8102	3359	6040	7139	5896	4820	2159	5691	5880	12379	10387	7255	16994	11112	12294	18905	10527	19185	16691	16564	16988	22021	16260	7413	30627	-1	14063	13566	9141	14647	16054	22222
3853	5488	6042	6594	4615	2856	2112	6923	8026	7670	6644	5822	5367	0	3121	8713	8458	10721	16857	20161	18042	12026	12853	11287	7686	9799	9776	8420	7057	5020	5574	4205	10304	7181	4152	15539	9657	10838	17450	10645	19303	16809	16682	20143	22139	16870	9866	29172	-1	17218	16721	5935	13191	14599	20767
4059	5695	6248	6540	5020	3541	2360	7130	8232	8355	7329	6781	6326	3121	0	8920	8665	10927	17063	20367	19555	12711	14366	12786	9199	11700	11677	10321	8958	6533	7475	5591	11425	4060	3257	9561	9864	11045	17657	10851	19509	17015	16888	21531	22345	17829	11767	29379	-1	18731	18234	2814	13398	14806	20974
5241	4531	5823	6825	6420	6911	6883	1792	7098	8759	9762	11309	10171	8715	8921	0	2049	9697	15929	19233	20598	13115	15873	16056	13294	16066	17279	15138	13942	11061	13626	12257	18297	12982	8974	7404	2003	3610	10996	9621	18375	15881	15754	20397	21211	22357	17369	22718	-1	19774	19277	11736	5593	8372	14540
4983	4273	5565	6567	6163	6653	6625	2131	6840	8502	9505	11052	9914	8457	8663	2048	0	9439	15671	18975	20341	12858	15616	15799	13037	15809	17022	14881	13685	10804	13368	11999	18039	12724	8716	8594	1940	2839	9176	9363	18117	15623	15496	20139	20953	22100	17112	20898	-1	19517	19020	11478	4999	6577	12745
6974	5588	4847	5316	6463	8183	8889	7906	3382	7736	10349	11741	10604	10722	10927	9696	9441	0	6941	10245	13181	12092	14850	16489	13727	16499	17588	15779	14583	11702	14847	14263	20303	14988	10980	16522	10640	11821	18433	6208	9387	6893	6766	11409	12223	18325	17862	30155	-1	12790	14734	13742	14174	15582	21750
13106	11818	10979	11449	12595	14315	15021	14136	9018	13869	16481	17873	16736	16854	17059	15926	15671	6940	0	4846	7782	15815	11056	22621	19859	22631	23720	21911	20715	17834	20979	20395	26435	21120	17112	22752	16870	18051	24663	12497	7658	5165	3789	6016	9246	12926	23994	36385	-1	7391	9335	19874	20404	21812	27980
16430	15142	14303	14773	15919	17639	18345	17460	12342	17193	16844	21197	20060	20178	20383	19250	18995	10264	4845	0	7327	15360	10601	25945	20666	23438	24527	23545	24039	21158	24303	23719	29759	24444	20436	26076	20194	21375	27987	15821	10982	8489	6604	6460	10212	12471	24801	39709	-1	6936	8880	23198	23728	25136	31304
16289	16592	15263	14684	15314	16850	17997	18801	15278	12519	11544	17415	14883	18036	19550	20591	20336	13200	7781	7328	0	10060	5301	20986	15366	18138	19227	18245	17902	15720	18964	19575	26074	23610	20295	27417	21535	22717	29328	18757	13918	11425	6520	2376	9191	6357	19501	41050	-1	3185	3091	22364	25070	26477	32645
8811	9114	7785	7206	7836	9372	10519	11323	9398	5041	4635	12781	11068	12025	12711	13113	12858	12092	15818	15365	10065	0	5340	17529	11551	14323	15412	14430	14087	11905	15149	15585	21690	16772	12817	19939	14057	15239	21850	12016	20675	18181	16310	12166	18981	14822	15686	33572	-1	9241	8744	15526	17592	18999	25167
11569	11872	10543	9964	10594	12130	13277	14081	12156	7799	6824	14110	9697	12850	14364	15871	15616	14850	11055	10602	5302	5340	0	15800	10180	12952	14041	13059	12716	10534	13778	14389	20888	18424	15575	22697	16815	17997	24608	14774	17192	14699	11547	7403	14218	10059	14315	36330	-1	4478	3981	17178	20350	21757	27925
10929	12621	12019	12099	10450	9684	11149	14265	13795	13175	11758	11887	8102	11286	12786	16055	15800	16490	22626	25930	20991	17531	15802	0	6021	3816	4940	5276	6421	8814	8396	10708	17207	16847	13477	22881	16999	18181	24792	16414	25072	22578	22451	23092	27908	22364	5208	36514	-1	20167	19670	15601	20534	21941	28109
8164	9856	9254	9334	7685	6919	8148	11500	11030	10410	8993	8549	3359	7685	9199	13290	13035	13725	19861	20671	15371	11551	10182	6021	0	3173	4262	3281	3253	3712	5118	6543	13042	13259	10230	20116	14234	15416	22027	13649	22307	19813	19686	17472	25143	16744	4536	33749	-1	14547	14050	12013	17769	19176	25344
10937	12629	12027	12107	10458	9692	10920	14273	13803	13183	11766	11322	6039	9798	11699	16063	15808	16498	22634	23443	18143	14323	12954	3816	3173	0	1244	1969	3114	5507	5089	7401	13900	15759	13002	22889	17007	18189	24800	16422	25080	22586	22459	20244	27916	19516	1434	36522	-1	17319	16822	14513	20542	21949	28117
12066	13792	13249	13236	11609	10821	11232	15402	14932	14312	12895	12451	7178	9783	11684	17192	16937	17627	23763	24572	19272	15452	14083	4939	4302	1244	0	2709	3764	6184	4486	7382	13881	15744	12982	24018	18136	19318	25929	17551	26209	23715	23588	21373	29045	20645	354	37651	-1	18448	17951	14498	21671	23078	29246
10008	11643	11100	11392	9460	9469	9559	13345	13084	12952	11543	11099	5894	8420	10321	15135	14880	15779	21915	23550	18250	14430	13061	5276	3281	1969	2668	0	1714	4124	3709	6023	12522	14381	11619	21961	16079	17261	23872	15703	24361	21867	21740	20351	27197	19623	2930	35594	-1	17426	16929	13135	19614	21021	27189
8812	10447	9904	10196	8264	8395	8363	12149	11888	11756	10469	10025	4820	7058	8959	13939	13684	14583	20719	24023	17906	14086	12717	6422	3253	3115	3764	1736	0	2928	2561	4687	11186	13019	10257	20765	14883	16065	22676	14507	23165	20671	20544	20007	26001	19279	3848	34398	-1	17082	16585	11773	18418	19825	25993
5932	7567	7024	7316	5384	5758	5483	9269	9008	8876	7832	7388	2183	5020	6534	11059	10804	11703	17839	21143	15725	11905	10536	8815	3711	5508	6184	4124	2928	0	3631	3956	10455	10594	7565	17885	12003	13185	19796	11627	20285	17791	17664	17826	23121	17098	6268	31518	-1	14901	14404	9348	15538	16945	23113
8763	10399	10168	10460	8528	7785	7023	11834	12152	12020	10831	10387	5691	5574	7475	13624	13369	14847	20983	24287	18970	15150	13781	8397	5119	5093	4488	3706	2509	3632	0	3102	9601	11535	8773	20450	14568	15749	22361	14771	23429	20935	20808	21071	26265	20343	4578	34083	-1	18146	17649	10289	18102	19510	25678
7394	9030	9583	9875	8175	6416	5654	10465	11567	11230	10204	9382	5880	4205	5590	12255	12000	14262	20398	23702	19580	15586	14391	10705	6543	7398	7375	6019	4688	3956	3102	0	6981	9650	6888	19081	13199	14380	20992	14186	22844	20350	20223	21681	25680	20430	7465	32714	-1	18756	18259	8404	16733	18141	24309
13433	15069	15622	15914	14394	12520	11719	16504	17606	17334	16308	15486	12352	10303	11423	18294	18039	20301	26437	29741	26052	21690	20863	17177	13015	13870	13847	12491	11160	10428	9574	6814	0	15483	12721	25120	19238	20419	27031	20225	28883	26389	26262	28153	31719	26534	13937	38753	-1	25228	24731	14237	22772	24180	30348
8120	9756	10309	10601	9081	7602	6421	11191	12293	12416	11390	10842	10387	7181	4060	12981	12726	14988	21124	24428	23615	16772	18426	16847	13259	15760	15737	14381	13019	10593	11535	9651	15485	0	7318	9636	9065	15106	21718	14912	23570	21076	20949	25592	26406	21890	15827	33440	-1	22791	22294	2851	10707	18867	25035
4112	5748	6301	6593	5073	3995	2707	7183	8285	8450	7783	7710	7255	4152	3257	8973	8718	10980	17116	20420	20289	12806	15564	13475	10230	12998	12975	11619	10257	7564	8773	6889	12723	7318	0	15799	9917	11098	17710	10904	19562	17068	16941	21584	22398	18758	13065	29432	-1	19465	18968	6072	13451	14859	21027
12066	11356	12648	13650	13245	13736	13708	8617	13923	15584	16587	18134	16996	15540	9561	7405	8594	16522	22754	26058	27423	19940	22698	22881	20119	22891	24104	21963	20767	17886	20451	19082	25122	9634	15799	0	7269	9138	14963	16446	25200	22706	22579	27222	28036	29182	24194	28370	-1	26599	26102	8008	8911	14917	21085
6184	5474	6766	7768	7363	7854	7826	2735	8041	9702	10705	12252	11114	9658	9864	2002	1940	10640	16872	20176	21541	14058	16816	16999	14237	17009	18222	16081	14885	12004	14569	13200	19240	9063	9917	7269	0	1950	9461	10564	19318	16824	16697	21340	22154	23300	18312	21183	-1	20717	20220	7437	3833	8428	14596
7365	6655	7947	8949	8544	9035	9007	4058	9222	10883	11886	13433	12295	10839	11045	3608	2837	11821	18053	21357	22722	15239	17997	18180	15418	18190	19403	17262	16066	13185	15750	14381	20421	15106	11098	9138	1950	0	8166	11745	20499	18005	17878	22521	23335	24481	19493	19888	-1	21898	21401	9306	4131	8847	15015
13976	13266	14558	15560	15155	15646	15618	11077	15833	17494	18497	20044	18906	17450	17656	10994	9176	18432	24664	27968	29333	21850	24608	24791	22029	24801	26014	23873	22677	19796	22361	20992	27032	21717	17709	14963	9460	8167	0	18356	27110	24616	24489	29132	29946	31092	26104	18818	-1	28509	28012	15131	7168	15178	18493
6897	5511	4770	5239	6386	8106	8812	7829	3669	7659	10272	11664	10527	10645	10850	9619	9364	6207	12499	15803	18739	12015	14773	16412	13650	16422	17511	15702	14506	11625	14770	14186	20226	14911	10903	16445	10563	11744	18356	0	14945	12451	12324	16967	17781	22712	17785	30078	-1	18348	18177	13665	14097	15505	21673
15553	14265	13426	13896	15042	16762	17468	16583	11465	16316	18928	20320	19183	19301	19506	18373	18118	9387	7659	10963	13899	20672	17173	25068	22306	25078	26167	24358	23162	20281	23426	22842	28882	23567	19559	25199	19317	20498	27110	14944	0	3768	7484	12127	9856	19043	26441	38832	-1	13508	15452	22321	22851	24259	30427
13059	11771	10932	11402	12548	14268	14974	14089	8971	13822	16434	17826	16689	16807	17012	15879	15624	6893	5165	8469	11405	18178	14679	22574	19812	22584	23673	21864	20668	17787	20932	20348	26388	21073	17065	22705	16823	18004	24616	12450	3768	0	4990	9633	8183	16549	23947	36338	-1	11014	12958	19827	20357	21765	27933
12932	11644	10805	11275	12421	14141	14847	13962	8844	13695	16307	17699	16562	16680	16885	15752	15497	6766	3788	6604	6522	16307	11548	22447	19685	22457	23546	21737	20541	17660	20805	20221	26261	20946	16938	22578	16696	17877	24489	12323	7484	4991	0	4879	5749	12602	23820	36211	-1	9148	9336	19700	20230	21638	27806
17604	16316	15477	15947	17093	18813	19519	18634	13516	14618	13643	19514	16982	20135	21557	20424	20169	11438	6015	6459	2374	12159	7400	23085	17465	20237	21326	20344	20001	17819	21063	21674	28173	25618	21610	27250	21368	22549	29161	16995	12156	9663	4879	0	7031	8456	21600	40883	-1	5284	5190	24372	24902	26310	32478
18316	17028	16189	16659	17805	19525	20231	19346	14228	19079	21691	23083	21946	22064	22269	21136	20881	12150	9172	10128	9191	18976	14217	27831	25069	27841	28930	27121	25925	23044	26189	25605	31645	26330	22322	27962	22080	23261	29873	17707	9857	8184	5665	7031	0	15273	29204	41595	-1	12101	12007	25084	25614	27022	33190
17228	18920	18317	18397	16749	15943	16677	20564	20422	17276	16301	11048	16261	16870	17829	22354	22099	18344	12925	12472	6357	14817	10058	22364	16744	19516	20605	19623	19280	17098	20342	20430	26535	21890	18758	29180	23298	24480	31091	22712	19062	16569	12602	8458	15273	0	20879	42813	-1	8329	7848	20644	26833	28240	34408
12247	13882	13339	13470	11699	11055	11322	15584	15166	14546	13129	12685	7412	9873	11774	17374	17119	17861	23997	24806	19506	15686	14317	5208	4536	1435	354	2929	3848	6268	4576	7472	13971	15834	13072	24200	18318	19500	26111	17785	26443	23949	23822	21607	29279	20879	0	37833	-1	18682	18185	14588	21853	23260	29428
25698	24988	26280	27282	26877	27368	27340	22799	27555	29216	30219	31766	30628	29172	29378	22716	20898	30154	36386	39690	41055	33572	36330	36513	33751	36523	37736	35595	34399	31518	34083	32714	38754	33439	29431	28370	21182	19889	18818	30078	38832	36338	36211	40854	41668	42814	37826	0	-1	40231	39734	32193	22520	26900	26976
-1	-1	-1	-1	-1	-1	-1	-1	-1	-1	-1	-1	-1	-1	-1	-1	-1	-1	-1	-1	-1	-1	-1	-1	-1	-1	-1	-1	-1	-1	-1	-1	-1	-1	-1	-1	-1	-1	-1	-1	-1	-1	-1	-1	-1	-1	-1	-1	0	-1	-1	-1	-1	-1	-1
15465	15768	14439	13860	14490	16026	17173	17977	14886	11695	10720	18472	14059	17212	18726	19767	19512	12808	7389	6936	3185	9236	4477	20162	14542	17314	18403	17421	17078	14896	18140	18751	25250	22786	19471	26593	20711	21893	28504	18365	13526	11033	9148	5286	12101	8329	18677	40226	-1	0	3741	21540	24246	25653	31821
14968	15271	13942	13363	13993	15529	16676	17480	15555	11198	10223	17975	13562	16715	18229	19270	19015	14752	9333	8880	3091	8739	3980	19665	14045	16817	17906	16924	16581	14399	17643	18254	24753	22289	18974	26096	20214	21396	28007	18173	15470	12977	9336	5192	12007	7848	18180	39729	-1	3741	0	21043	23749	25156	31324
6874	8510	9063	9355	7835	6356	5175	9945	11047	11170	10144	9596	9141	5935	2814	11735	11480	13742	19878	23182	22369	15526	17180	15601	12013	14514	14491	13135	11773	9347	10289	8405	14239	2849	6072	8009	7438	9307	15132	13666	22324	19830	19703	24346	25160	20644	14581	32194	-1	21545	21048	0	9080	17621	23789
9718	9008	10300	11302	10897	11388	11360	6169	11575	13236	14239	15786	14648	13192	13398	5594	4999	14174	20406	23710	25075	17592	20350	20533	17771	20543	21756	19615	18419	15538	18103	16734	22774	10705	13451	8911	3834	4131	7168	14098	22852	20358	20231	24874	25688	26834	21846	22520	-1	24251	23754	9079	0	11487	17655
11124	10414	11706	12708	12304	12794	12766	8455	12981	14643	15646	17193	16055	14598	14804	8371	6577	15580	21812	25116	26482	18999	21757	21940	19178	21950	23163	21022	19826	16945	19509	18140	24180	18865	14857	14917	8428	8848	15178	15504	24258	21764	21637	26280	27094	28241	23253	26900	-1	25658	25161	17619	11487	0	7380
17293	16583	17875	18877	18473	18963	18935	14624	19150	20812	21815	23362	22224	20767	20973	14540	12746	21749	27981	31285	32651	25168	27926	28109	25347	28119	29332	27191	25995	23114	25678	24309	30349	25034	21026	21086	14597	15017	18493	21673	30427	27933	27806	32449	33263	34410	29422	26976	-1	31827	31330	23788	17656	7495	0
