5.712	1.912	1.434	1.347	1.416	2.811	3.281	2.764	4.704	1.718	792	1.006	5.346	4.052	110	2.903	869	1.270	1.376	2.113	1.033	1.663	4.320	956	4.843	713	700	1.535	2.544	2.861	2.824	2.185	213	1.846	9	54	802	947	636	288	0	2.460	2.379	5.547	262	0	878	448	222	0	58	0	83	631	0
2.318	2.941	519	137	365	1.266	1.619	1.473	1.023	194	85	180	1.925	1.495	80	90	389	595	85	100	44	447	334	100	375	178	135	0	948	484	376	623	14	847	84	0	148	270	553	52	0	317	68	505	357	111	239	104	65	0	44	0	26	93	0
1.450	571	957	191	471	294	447	307	957	698	181	208	441	259	0	134	206	293	283	484	164	865	258	0	437	0	37	378	211	340	131	406	32	149	47	64	0	45	19	62	0	459	303	542	71	0	40	0	112	0	15	0	0	0	0
1.156	137	219	711	109	328	356	109	275	78	82	55	246	137	0	0	0	55	27	48	27	350	0	33	109	0	0	55	0	164	55	27	0	55	0	0	27	0	19	8	0	191	0	27	0	0	0	0	9	0	0	0	27	0	0
1.262	382	405	82	692	727	542	220	637	360	314	255	479	457	115	45	20	350	221	145	69	480	730	100	525	144	25	49	105	716	123	275	25	211	9	0	63	45	39	39	0	764	271	220	24	49	199	0	33	0	0	0	0	0	0
2.782	1.040	242	383	560	2.011	3.803	372	792	418	396	412	1.200	3.214	224	427	170	134	264	97	176	793	494	100	1.317	485	185	376	700	1.305	599	685	7	544	47	69	21	90	58	47	0	405	251	501	71	0	40	90	22	0	0	0	69	19	0
3.346	1.887	447	356	619	3.288	6.254	951	1.027	300	640	314	2.797	3.958	836	557	81	301	236	449	185	992	264	100	1.240	265	469	940	369	1.139	859	1.165	238	1.541	28	0	105	90	58	16	0	67	68	550	24	0	80	90	90	0	0	0	53	56	0
2.389	1.326	246	55	281	465	895	2.810	536	39	11	257	943	364	3	1.415	747	499	321	97	105	221	282	33	61	357	0	282	0	617	796	113	127	341	19	182	712	541	212	23	0	159	68	341	24	0	80	45	9	0	29	0	122	56	0
4.806	968	982	302	683	644	849	578	3.878	162	435	124	855	1.471	3	403	158	3.531	565	1.240	617	692	353	100	1.294	59	206	301	316	527	709	409	145	637	19	0	84	135	116	348	0	2.420	881	1.374	404	0	200	134	96	0	44	0	0	37	0
1.593	155	815	39	321	418	300	78	272	2.056	70	265	310	272	10	0	116	78	78	0	0	1.854	39	33	78	0	0	0	0	116	39	219	39	106	0	0	0	45	0	16	0	116	0	369	0	0	0	0	43	0	0	0	0	0	0
780	204	196	82	303	442	834	32	662	70	2.253	83	747	510	53	179	0	0	76	0	88	455	81	0	165	59	111	0	105	0	197	265	7	133	0	0	63	23	19	54	0	11	68	142	0	0	40	45	4	0	0	0	60	37	0
1.143	156	183	55	457	570	261	237	97	254	90	791	270	270	16	90	41	316	136	193	132	69	1.167	121	642	0	0	0	449	55	675	201	0	28	9	0	91	0	58	8	0	95	0	110	0	0	0	0	13	0	0	0	0	0	0
3.919	1.305	622	246	636	1.107	2.539	854	680	310	789	268	5.164	1.577	10	672	81	698	520	666	113	1.047	635	1.493	7.975	1.328	963	3.863	1.007	3.923	3.335	1.634	304	483	19	0	21	135	39	31	0	627	271	1.319	24	0	788	0	240	0	124	0	15	19	0
2.679	894	291	137	516	2.679	4.480	526	1.178	272	767	294	1.391	5.423	382	314	122	348	65	387	44	1.392	775	100	1.501	569	275	1.045	1.159	822	1.652	2.020	47	2.064	28	0	105	45	77	194	0	405	271	660	24	0	200	45	22	0	0	0	3	19	0
248	26	3	27	119	221	790	3	3	10	50	10	13	653	0	0	0	0	13	0	0	29	0	0	138	59	37	0	0	0	10	96	0	312	0	0	0	0	0	0	0	3	0	6	0	0	0	0	0	0	0	0	3	0	0
2.411	90	269	0	45	427	448	1.517	493	0	179	179	538	358	0	2.531	830	134	45	0	176	179	90	0	224	0	45	228	0	226	224	239	0	403	0	23	372	270	205	0	0	269	0	0	0	0	0	0	90	0	15	0	441	82	0
698	339	226	0	20	333	81	733	158	116	0	0	162	122	0	785	495	20	20	48	0	81	91	33	152	59	0	0	19	61	0	252	20	41	131	41	400	349	408	16	0	142	0	0	0	0	60	0	0	0	0	0	66	207	0
1.586	521	525	55	350	271	301	438	2.995	78	0	316	567	413	0	179	20	1.825	293	339	0	230	136	133	494	0	37	318	105	340	229	517	79	183	19	0	21	68	19	93	0	958	338	615	119	0	120	0	361	0	29	0	65	0	0
1.362	117	195	27	229	264	321	191	636	78	76	65	468	114	13	45	20	195	2.087	1.373	638	234	71	100	0	0	74	0	105	92	293	160	7	198	9	0	42	23	19	54	0	708	1.442	1.223	190	0	0	0	239	0	0	0	0	0	0
2.451	100	290	48	145	193	193	97	1.009	0	48	193	860	339	0	0	40	290	1.228	3.851	137	422	0	33	0	0	0	285	0	92	98	484	0	290	0	0	0	0	0	0	0	145	1.299	960	333	0	0	0	343	0	73	0	0	0	0
1.468	58	252	27	69	176	244	0	613	0	132	132	88	220	0	0	0	0	517	195	1.411	167	88	44	0	0	0	0	44	44	44	242	0	88	0	0	0	0	0	0	0	132	165	264	0	44	0	0	220	0	919	0	0	44	0
1.693	330	732	343	439	994	930	221	789	1.715	421	133	1.013	1.357	99	134	81	200	200	373	167	2.172	773	133	631	94	0	129	211	357	631	580	41	514	28	0	105	90	19	54	0	645	135	110	0	0	120	35	39	0	15	0	0	0	0
3.030	193	173	0	659	564	317	141	560	39	363	1.011	635	704	0	45	91	136	71	0	88	808	2.609	100	334	0	37	188	105	141	141	71	71	264	0	0	0	0	45	0	0	212	0	0	0	141	40	0	71	0	44	0	141	0	0
663	100	0	33	66	133	100	33	133	33	33	88	1.493	66	0	0	33	133	100	33	44	133	100	1.128	796	304	0	127	100	232	362	332	33	66	0	0	21	0	0	0	0	166	0	0	0	0	40	0	0	0	0	0	0	0	0
4.289	711	319	137	234	1.411	1.397	61	1.164	233	0	609	7.574	1.765	270	90	152	459	0	88	44	1.026	379	829	15.804	594	617	2.275	1.607	1.919	1.186	1.381	0	922	0	0	21	68	283	16	0	266	135	242	0	0	678	0	0	0	0	0	0	0	0
793	178	0	0	144	425	238	357	99	119	0	0	1.526	569	59	0	59	0	0	0	0	59	0	304	535	654	898	213	238	691	336	238	59	59	59	0	0	0	0	0	0	59	0	0	0	0	598	0	119	0	0	0	0	0	0
481	164	37	0	25	185	74	0	111	0	74	0	963	222	37	45	0	37	74	0	0	0	37	0	1.181	983	825	524	74	259	222	148	14	0	0	0	0	0	0	8	0	111	37	147	0	0	0	0	74	0	15	0	0	0	0
1.799	45	284	27	49	376	940	282	395	0	0	0	3.640	1.045	0	184	0	367	0	236	0	129	188	33	2.447	178	427	2.321	515	1.121	1.334	631	94	0	0	0	0	0	0	0	0	188	68	0	24	0	479	45	4	0	29	0	0	19	0
2.170	948	211	0	105	700	474	0	421	0	105	449	1.044	1.121	0	0	0	105	215	0	44	211	105	100	1.712	357	74	703	1.896	1.287	1.230	507	105	105	19	0	0	0	0	0	0	488	0	0	0	0	80	0	316	0	0	0	0	0	0
2.689	389	267	137	532	1.374	1.008	678	623	116	0	190	3.223	610	3	316	81	340	98	140	88	287	141	232	2.326	614	393	935	1.383	6.761	2.362	995	7	678	28	0	113	45	116	23	0	317	92	550	0	92	399	0	196	0	0	0	0	56	0
2.703	212	131	55	306	698	859	836	733	78	197	494	3.254	1.652	10	224	0	229	261	98	0	730	141	362	1.152	336	222	1.428	1.335	1.861	4.234	1.825	313	197	19	0	0	0	170	8	0	295	0	98	24	111	239	0	112	0	0	0	0	0	0
1.622	781	319	27	314	583	1.145	113	547	219	265	204	1.107	1.983	89	179	252	712	160	580	176	642	141	265	1.513	119	185	631	507	908	1.825	5.765	390	852	9	64	63	90	58	301	0	265	313	394	48	0	120	0	72	0	0	0	0	19	0
79	20	32	0	88	0	355	61	286	0	0	66	239	41	0	0	20	72	0	48	0	41	71	33	0	0	14	94	105	14	244	346	14	0	0	0	21	68	0	8	0	0	0	110	0	0	40	0	0	0	15	0	15	0	0
1.236	475	96	55	106	503	1.772	141	691	106	84	28	721	1.696	474	448	65	313	98	339	88	419	247	66	1.238	178	0	0	105	328	197	879	0	1.077	28	0	21	90	39	0	0	293	68	0	0	111	160	0	0	0	0	0	0	56	0
19	56	47	0	9	47	37	19	19	0	0	9	19	56	0	0	159	19	9	0	0	28	0	0	0	59	0	0	9	28	19	9	0	19	0	19	29	0	0	8	0	9	0	0	0	0	0	0	9	0	0	0	0	0	0
33	0	64	0	0	69	0	203	0	0	0	0	0	0	0	0	41	0	0	0	0	0	0	0	0	0	0	0	0	0	0	64	0	0	0	0	61	45	0	0	0	0	0	0	0	0	0	0	0	0	0	0	31	0	0
675	169	21	27	148	21	127	670	84	0	84	63	21	63	0	435	337	21	42	0	0	105	0	21	21	0	0	0	0	113	0	42	0	21	28	42	338	361	60	0	0	63	68	0	0	0	0	0	0	0	0	0	127	0	0
811	158	45	0	45	113	90	518	158	23	23	0	113	23	0	338	304	68	23	0	0	90	0	0	68	0	0	0	0	45	0	90	68	90	0	23	361	879	122	0	0	90	0	23	0	0	0	0	0	0	0	0	0	493	0
517	476	19	19	39	39	96	421	135	0	19	58	39	96	0	167	349	64	19	0	0	19	0	0	151	0	0	0	0	116	58	19	0	39	19	0	61	122	1.735	0	0	77	0	0	0	0	0	0	0	0	0	0	0	19	0
194	52	62	8	16	54	8	31	325	16	47	23	31	194	0	0	16	93	54	0	0	54	0	0	16	0	8	0	0	23	8	301	8	0	8	0	0	0	0	116	0	23	0	0	0	0	0	0	16	0	0	0	0	19	0
0	0	0	0	0	0	0	0	0	0	0	0	0	0	0	0	0	0	0	0	0	0	0	0	0	0	0	0	0	0	0	0	0	0	0	0	0	0	0	0	0	0	0	0	0	0	0	0	0	0	0	0	0	0	0
2.033	183	470	219	469	338	136	128	1.591	39	78	95	517	338	3	314	142	993	899	193	132	769	212	199	398	59	111	188	488	317	362	201	0	317	9	0	63	90	77	23	0	6.575	474	1.100	71	0	107	0	89	0	0	0	165	37	0
2.166	68	303	0	271	251	135	68	862	0	68	0	271	271	0	0	0	338	1.588	986	132	68	0	0	0	0	37	68	0	227	40	203	0	68	0	0	68	0	0	0	0	338	2.842	203	143	0	40	0	343	0	0	0	0	0	0
4.337	376	354	27	220	440	880	512	1.933	259	142	110	1.267	574	6	110	41	505	868	655	330	110	0	0	242	0	147	94	0	550	98	504	110	0	0	0	0	23	0	0	0	1.258	271	10.316	1.593	110	110	0	220	0	44	0	0	129	0
238	285	24	0	24	71	24	24	428	0	0	0	0	24	0	0	0	119	119	357	0	0	0	0	0	0	0	24	0	0	24	24	0	0	0	0	0	0	0	0	0	71	119	1.570	214	0	0	0	24	0	0	0	0	0	0
0	111	0	0	49	0	0	111	0	0	0	0	0	0	0	0	0	0	0	0	44	0	141	0	0	0	0	0	0	92	111	0	0	0	0	0	0	0	0	0	0	0	0	110	0	0	0	0	0	0	0	0	0	0	0
998	200	0	0	80	40	80	40	80	0	40	0	708	160	0	0	60	120	0	0	0	120	40	40	599	1.056	0	479	80	399	319	120	80	120	0	0	0	0	0	0	0	107	80	110	0	0	479	0	0	0	0	0	0	0	0
448	104	0	0	0	90	142	45	179	0	45	0	0	45	0	0	0	0	0	0	0	35	0	0	0	0	0	45	0	0	0	0	0	0	0	0	0	0	0	0	0	0	0	0	0	0	0	2.059	9	0	0	0	0	0	0
294	4	134	9	33	17	26	4	207	43	4	13	227	9	0	90	0	343	279	294	264	39	75	0	0	119	74	4	316	201	13	72	0	0	9	0	0	0	0	16	0	89	343	224	24	0	0	4	74	0	29	0	0	0	0
0	0	0	0	0	0	0	0	0	0	0	0	0	0	0	0	0	0	0	0	0	0	0	0	0	0	0	0	0	0	0	0	0	0	0	0	0	0	0	0	0	0	0	0	0	0	0	0	0	0	0	0	0	0	0
117	29	29	0	0	0	0	29	88	0	0	15	124	0	0	15	0	0	0	58	306	15	44	0	0	0	15	15	0	0	0	0	15	0	0	0	0	0	0	0	0	0	0	44	0	0	0	0	29	0	15	0	88	0	0
0	0	0	0	0	0	0	0	0	0	0	0	0	0	0	0	0	0	0	0	0	0	0	0	0	0	0	0	0	0	0	0	0	0	0	0	0	0	0	0	0	0	0	0	0	0	0	0	0	0	0	0	0	0	0
31	0	0	27	0	31	53	174	0	0	105	0	15	3	3	360	135	65	0	0	0	0	0	0	0	0	0	0	0	0	0	0	15	0	0	31	127	0	21	0	0	134	0	0	0	0	0	0	0	0	0	0	31	19	0
656	93	0	0	0	19	56	56	37	0	37	0	19	19	0	82	207	0	0	0	0	0	0	0	0	0	0	19	0	56	0	19	0	56	0	0	0	493	19	19	0	37	0	129	0	0	0	0	0	0	0	0	19	0	0
0	0	0	0	0	0	0	0	0	0	0	0	0	0	0	0	0	0	0	0	0	0	0	0	0	0	0	0	0	0	0	0	0	0	0	0	0	0	0	0	0	0	0	0	0	0	0	0	0	0	0	0	0	0	0

